
39912
10214
5997
14310
47
2330
19973
3415
28418
1066
24424
12096
24441
9308
7348
15209
2536
787
11048
24935
26060
2708
9703
7773
3955
5387
16589
2578
3752
5666
35775
24121
15130
15532
11071
5572
2765
13113
13831
3475
9429
3117
5904
9290
4678
43876
14957
7471
5806
15284
5909
2707
41370
7187
6348
6726
5453
6279
3964
1140
24550
4679
11487
8072
21704
41684
24743
2562
5950
26077
1254
39147
17931
3742
11333
8154
1493
26004
4753
47528
39214
27902
7029
36834
21139
21307
24091
21945
7172
25760
11197
2787
7622
31657
7498
22162
2882
2472
20058
10999
5906
38668
15365
3053
14249
4034
311
3520
13002
9433
2354
3221
3276
6586
3776
10044
31201
13450
2678
4450
5880
3324
1110
5962
38010
25154
4854
20039
240
41384
10624
17491
3352
5759
5521
20140
15664
1783
24414
12955
7855
1684
3715
3894
8085
38081
7979
1832
17435
3519
11616
20280
18104
768
8890
4495
